Position:
  x: -238.00203736718913
  y: 76.5
  z: -23.1078583248661
  yaw: -268.95126
  pitch: 10.200002